-0.1 1.95 -4.6
-0.15 1.9 -4.6
-0.1 2.0 -4.6
0.5 1.8 -4.6
0.45 1.9 -4.6
0.5 1.8 -4.6
-0.2 1.9 -4.6
-0.15 1.9 -4.6
-0.1 1.95 -4.6
0.1 1.85 -4.6
0.05 1.85 -4.6
-0.45 2.9 -4.3
-0.6 3.0 -4.3
-0.6 2.95 -4.3
-0.3 2.7 -4.4
-0.45 2.85 -4.3
0.2 1.35 -4.7
0.2 1.35 -4.7
0.1 1.65 -4.6
-0.2 2.4 -4.4
-0.75 2.2 -4.5
-0.8 2.3 -4.5
-0.45 2.55 -4.4
-0.6 2.95 -4.3
-0.65 3.0 -4.3
-0.25 2.45 -4.4
-0.4 2.55 -4.4
-0.35 2.6 -4.4
-0.3 2.65 -4.4
-0.2 2.4 -4.4
-0.3 2.45 -4.4
-0.35 2.55 -4.4
0.05 2.05 -4.5
0.0 1.9 -4.6
0.25 1.8 -4.6
0.55 1.75 -4.6
0.05 1.9 -4.6
0.2 1.95 -4.6
0.0 2.0 -4.5
0.05 1.65 -4.6
0.0 1.85 -4.6
0.05 2.05 -4.5
0.1 1.6 -4.6
0.25 1.8 -4.6
0.15 1.85 -4.6
0.2 1.3 -4.7
0.15 1.4 -4.7
0.1 1.65 -4.6
0.5 1.85 -4.6
0.15 1.7 -4.6
0.35 1.85 -4.6
0.3 1.85 -4.6
0.05 1.9 -4.6
0.15 1.9 -4.6
0.1 2.05 -4.5
0.0 1.95 -4.5
-0.4 2.5 -4.4
-0.3 2.65 -4.4
-0.5 2.85 -4.3
-0.5 2.95 -4.3
-0.75 2.25 -4.5
-0.7 2.2 -4.5
