0.3 1.9 -4.6
0.25 2.05 -4.5
0.15 1.9 -4.6
0.2 1.8 -4.6
0.2 1.8 -4.6
-0.15 1.8 -4.6
0.05 1.9 -4.6
0.1 1.85 -4.5
0.0 1.9 -4.6
0.0 2.0 -4.5
-0.15 1.9 -4.6
0.25 1.9 -4.6
0.05 2.05 -4.5
0.0 1.9 -4.6
-0.1 1.95 -4.6
0.0 1.8 -4.6
-0.1 1.85 -4.6
0.15 1.95 -4.6
-0.05 1.8 -4.6
-0.1 1.95 -4.5
0.05 1.85 -4.6
0.05 1.95 -4.5
0.1 1.8 -4.6
0.15 1.95 -4.6
0.15 1.9 -4.6
0.0 1.95 -4.6
0.05 1.9 -4.6
0.3 1.95 -4.6
0.15 1.95 -4.6
0.1 1.95 -4.6
0.05 1.95 -4.5
0.0 1.8 -4.6
0.1 1.9 -4.6
0.05 1.9 -4.6
0.15 1.95 -4.6
0.35 2.05 -4.5
0.05 1.9 -4.6
0.25 1.95 -4.6
0.25 1.95 -4.6
0.1 1.9 -4.5
0.1 1.85 -4.6
-0.05 2.0 -4.5
0.15 1.9 -4.6
0.15 2.0 -4.5
0.05 1.9 -4.6
0.0 2.05 -4.5
0.3 2.05 -4.5
0.15 2.05 -4.5
0.1 1.85 -4.6
-0.1 1.9 -4.5
0.05 1.8 -4.6
0.05 1.9 -4.6
0.1 1.9 -4.6
0.3 1.95 -4.5
0.05 1.9 -4.6
0.05 2.05 -4.5
0.2 1.9 -4.5
0.1 1.85 -4.6
0.15 1.9 -4.6
0.1 2.0 -4.6
0.25 1.95 -4.6
0.25 2.05 -4.5
0.0 2.0 -4.5
0.15 1.95 -4.6
0.05 1.9 -4.6
0.25 2.05 -4.5
0.15 1.9 -4.6
0.15 2.0 -4.5
0.05 2.05 -4.5
0.15 1.95 -4.6
0.1 1.95 -4.6
0.1 1.85 -4.6
-0.05 2.0 -4.5
0.1 1.9 -4.6
0.15 1.95 -4.5
0.1 2.0 -4.6
0.05 1.9 -4.5
0.15 1.95 -4.5
-0.2 1.95 -4.6
0.05 1.8 -4.6
0.1 1.85 -4.6
0.0 1.95 -4.6
0.0 1.8 -4.6
0.0 1.9 -4.6
0.1 1.9 -4.6
0.0 2.05 -4.5
0.25 1.9 -4.6
0.15 2.05 -4.5
0.3 1.95 -4.6
0.0 1.9 -4.6
0.15 1.95 -4.6
0.15 2.05 -4.5
0.05 1.8 -4.6
0.1 1.85 -4.6
0.05 1.95 -4.6
0.05 2.05 -4.5
0.15 1.9 -4.6
0.2 1.95 -4.5
0.15 2.0 -4.6
0.15 1.95 -4.6
0.3 1.95 -4.5
0.1 1.8 -4.6
0.1 1.85 -4.6
0.15 1.9 -4.6
0.15 2.05 -4.5
0.1 1.8 -4.6
0.0 1.95 -4.6
0.1 1.9 -4.6
0.05 1.9 -4.6
0.15 1.9 -4.6
0.1 1.95 -4.6
0.3 1.9 -4.6
0.15 1.9 -4.6
0.0 1.95 -4.6
0.2 2.05 -4.5
0.15 1.85 -4.5
0.15 1.95 -4.6
0.05 2.0 -4.5
0.15 1.95 -4.5
0.1 1.9 -4.6
0.1 1.85 -4.6
0.05 2.0 -4.6
0.1 1.8 -4.6
0.05 1.9 -4.6
0.15 2.05 -4.5
0.15 1.85 -4.6
0.3 1.9 -4.6
0.25 2.0 -4.5
0.2 1.9 -4.6
0.1 1.95 -4.6
0.1 1.9 -4.6
0.0 2.0 -4.6
0.05 2.0 -4.6
0.1 1.9 -4.6
0.15 1.9 -4.6
0.0 2.0 -4.5
0.15 1.8 -4.6
0.25 1.95 -4.6
0.0 1.95 -4.6
0.2 1.9 -4.6
0.15 1.95 -4.6
0.05 1.9 -4.6
0.1 1.9 -4.6
0.05 2.0 -4.6
-0.1 2.05 -4.5
0.15 1.9 -4.6
0.15 1.95 -4.5
0.1 1.9 -4.6
0.1 2.05 -4.5
0.2 1.95 -4.6
0.25 1.95 -4.6
0.15 1.9 -4.6
0.3 2.05 -4.5
0.2 1.9 -4.6
0.1 1.95 -4.5
0.1 1.8 -4.6
0.15 1.9 -4.6
0.25 1.85 -4.6
0.25 1.95 -4.6
0.0 1.85 -4.6
0.05 2.0 -4.5
0.2 1.95 -4.6
0.2 1.85 -4.6
0.25 1.85 -4.6
0.15 1.95 -4.6
0.1 1.85 -4.6
0.2 1.95 -4.6
