-0.9 2.2 -4.5
-0.9 2.25 -4.5
0.2 1.8 -4.6
0.15 1.8 -4.6
0.1 1.95 -4.6
0.2 1.9 -4.6
0.15 1.95 -4.6
0.15 2.15 -4.5
0.2 2.2 -4.5
0.15 2.25 -4.5
0.25 2.3 -4.4
0.2 2.45 -4.4
0.15 2.45 -4.4
0.2 2.55 -4.4
0.25 2.65 -4.4
0.3 2.7 -4.4
0.35 2.8 -4.3
0.3 2.9 -4.3
-1.0 2.55 -4.4
0.1 2.3 -4.5
0.1 2.3 -4.5
0.2 2.3 -4.5
0.25 2.4 -4.4
0.3 2.45 -4.4
0.15 2.4 -4.4
0.3 2.7 -4.4
0.25 2.6 -4.4
0.25 2.7 -4.4
-0.95 2.55 -4.4
-0.95 2.6 -4.4
0.3 2.95 -4.3
0.35 2.9 -4.3
0.4 2.85 -4.3
0.25 2.7 -4.4
0.35 2.8 -4.3
0.2 2.55 -4.4
0.2 2.65 -4.4
0.3 2.35 -4.4
0.3 2.4 -4.4
0.2 2.2 -4.5
0.25 2.2 -4.5
0.15 1.9 -4.6
0.2 1.8 -4.6
0.2 1.8 -4.6
-0.85 2.2 -4.5
-0.85 2.15 -4.5
-0.9 2.3 -4.5
-0.9 2.5 -4.4
-0.9 2.6 -4.4
-0.9 2.6 -4.4
