0.3 1.9 -4.6
0.3 1.85 -4.6
0.1 1.95 -4.6
-0.35 1.8 -4.6
-0.55 1.55 -4.7
-0.45 1.5 -4.7
-0.5 1.5 -4.7
-0.5 1.55 -4.7
-0.65 1.8 -4.6
-0.25 1.8 -4.6
-0.1 1.85 -4.6
-0.35 1.8 -4.6
0.0 1.85 -4.6
-0.15 1.8 -4.6
0.05 1.95 -4.6
-0.2 2.05 -4.5
-0.25 1.9 -4.6
-0.45 2.0 -4.5
-0.4 1.85 -4.6
-0.85 1.8 -4.6
-0.4 2.0 -4.5
-0.1 1.95 -4.5
-0.1 2.05 -4.5
-0.3 1.8 -4.6
-0.7 1.85 -4.6
-0.35 1.85 -4.6
-0.25 1.95 -4.5
-0.35 1.85 -4.6
-0.15 1.9 -4.6
-0.7 1.75 -4.6
-0.25 1.85 -4.6
-0.45 1.9 -4.6
-0.35 1.95 -4.5
-0.25 1.9 -4.6
-0.3 1.95 -4.6
-0.15 2.0 -4.6
-0.85 1.9 -4.6
-0.05 1.95 -4.6
-0.8 1.95 -4.6
0.0 2.05 -4.5
-0.3 1.95 -4.6
-0.2 1.9 -4.6
-0.8 1.95 -4.6
-0.45 1.85 -4.6
-0.65 1.85 -4.6
-0.35 1.95 -4.6
0.35 1.9 -4.6
-0.1 2.05 -4.5
0.05 2.05 -4.5
-0.25 1.9 -4.5
0.05 2.05 -4.5
-0.25 1.9 -4.6
-0.35 1.95 -4.6
-0.2 1.95 -4.6
-0.25 1.9 -4.6
-0.15 2.0 -4.5
0.0 2.05 -4.5
-0.25 1.85 -4.6
-0.4 1.95 -4.5
-0.35 1.95 -4.5
-0.65 1.8 -4.6
-0.7 1.85 -4.6
-0.35 1.9 -4.6
-0.15 1.9 -4.6
-0.2 1.95 -4.6
-0.25 1.85 -4.6
-0.05 1.9 -4.6
-0.15 1.8 -4.6
-0.2 1.9 -4.6
-0.7 1.85 -4.6
-0.8 1.9 -4.6
-0.25 1.95 -4.5
0.05 2.0 -4.5
-0.35 1.95 -4.6
-0.7 1.75 -4.6
-0.8 1.9 -4.6
-0.45 1.95 -4.6
-0.25 1.95 -4.5
-0.5 2.0 -4.5
-0.4 1.85 -4.6
-0.1 1.95 -4.6
-0.05 2.05 -4.5
-0.25 1.9 -4.6
-0.25 1.9 -4.6
-0.15 1.9 -4.6
-0.5 1.95 -4.6
0.0 1.9 -4.6
-0.5 1.9 -4.6
-0.55 1.95 -4.6
-0.2 1.9 -4.5
-0.1 1.95 -4.5
-0.3 1.8 -4.6
-0.7 1.75 -4.6
-0.7 1.85 -4.6
-0.85 1.85 -4.6
-0.5 1.9 -4.6
0.0 1.9 -4.6
-0.25 1.8 -4.6
-0.25 1.9 -4.5
0.0 2.05 -4.5
-0.25 1.9 -4.6
0.0 2.05 -4.5
-0.1 1.9 -4.6
-0.15 1.8 -4.6
0.35 1.95 -4.6
-0.2 1.9 -4.6
-0.25 1.95 -4.6
-0.8 1.9 -4.6
-0.35 1.85 -4.6
-0.2 1.9 -4.6
-0.2 1.95 -4.5
-0.25 1.8 -4.6
-0.7 1.75 -4.6
-0.35 1.95 -4.6
-0.7 1.85 -4.6
-0.6 2.0 -4.6
-0.25 1.9 -4.6
-0.85 1.8 -4.6
-0.1 1.9 -4.6
0.0 1.95 -4.6
0.0 2.05 -4.5
-0.25 1.9 -4.6
-0.1 1.9 -4.5
-0.6 1.9 -4.6
-0.6 1.95 -4.6
-0.35 1.95 -4.6
-0.7 1.85 -4.6
-0.1 1.8 -4.6
-0.9 1.8 -4.6
-0.2 1.9 -4.6
