-0.1 1.9 -4.6
0.55 1.9 -4.6
-0.15 1.9 -4.6
-0.45 1.85 -4.6
-0.6 1.9 -4.6
0.75 1.9 -4.6
-0.2 2.15 -4.5
-0.4 1.85 -4.6
0.0 1.8 -4.6
0.2 1.95 -4.6
-0.1 1.8 -4.6
-0.55 1.9 -4.6
-0.8 1.75 -4.6
0.75 1.8 -4.6
0.0 1.9 -4.6
-0.1 2.0 -4.5
-0.05 1.9 -4.6
0.05 1.8 -4.6
0.05 2.0 -4.5
-0.7 1.95 -4.5
-0.6 1.8 -4.6
-0.2 2.05 -4.5
0.15 1.9 -4.6
0.2 1.95 -4.6
0.25 2.05 -4.5
-0.05 1.9 -4.6
0.05 2.0 -4.6
0.0 2.0 -4.5
-0.2 1.9 -4.6
0.55 1.9 -4.6
-0.25 1.95 -4.6
-0.2 2.0 -4.5
-0.45 1.85 -4.6
0.55 1.9 -4.6
-0.75 2.0 -4.1
0.1 1.9 -4.6
-0.75 1.85 -4.6
0.0 1.9 -4.6
0.0 2.0 -4.5
-0.3 2.05 -3.9
0.05 1.9 -4.6
0.15 2.05 -4.5
-0.05 1.85 -4.6
-0.2 1.9 -4.6
-0.5 2.0 -3.9
-0.1 1.8 -4.6
-0.1 1.9 -4.6
-0.75 1.9 -4.5
0.05 1.9 -4.6
0.0 1.9 -4.6
0.7 1.9 -4.6
0.0 1.9 -4.6
-0.85 1.8 -4.6
0.0 2.05 -4.5
-0.4 1.85 -4.6
0.15 2.05 -4.5
-0.15 1.8 -4.6
0.15 1.95 -4.6
-0.1 2.05 -4.5
0.15 1.95 -4.6
0.25 2.05 -4.5
-0.4 1.95 -4.6
-0.3 2.05 -4.5
-0.05 1.8 -4.6
-0.1 1.9 -4.6
0.65 1.95 -4.6
0.0 2.0 -4.5
0.0 1.9 -4.5
0.4 2.1 -3.9
0.65 1.85 -4.6
0.25 2.7 -4.4
0.35 2.8 -4.3
0.55 2.95 -4.0
0.2 2.55 -4.4
0.2 2.65 -4.4
0.6 2.7 -4.4
0.4 2.6 -4.4
0.5 2.5 -4.4
0.25 2.65 -4.0
0.3 2.35 -4.4
0.35 2.2 -4.5
0.3 2.4 -4.4
0.2 2.2 -4.5
0.6 2.3 -4.5
0.55 2.05 -4.5
0.25 2.2 -4.5
0.5 1.9 -4.5
0.55 2.15 -4.0
0.35 1.9 -4.6
-0.8 1.75 -4.6
-0.85 1.9 -4.6
-0.3 2.05 -4.5
0.1 1.9 -4.6
0.0 2.0 -4.5
0.0 1.9 -4.6
0.0 1.9 -4.6
-0.15 1.9 -4.6
-0.55 1.9 -4.6
-0.55 2.0 -4.6
-0.2 2.15 -4.1
0.0 1.9 -4.6
0.05 2.05 -4.1
0.45 2.0 -4.6
0.0 1.9 -4.5
-0.75 1.9 -4.6
-0.75 2.0 -4.1
0.0 1.9 -4.6
-0.8 1.85 -4.6
0.0 1.9 -4.5
-0.05 1.95 -4.5
-0.15 2.05 -4.1
0.0 1.9 -4.6
0.2 1.95 -4.5
0.05 1.9 -4.6
-0.35 2.05 -4.5
-0.1 1.8 -4.6
-0.15 1.9 -4.6
-0.35 1.95 -4.6
0.0 1.9 -4.5
0.65 1.85 -4.6
0.7 1.9 -4.6
-0.55 1.8 -4.6
0.75 1.8 -4.6
0.15 1.95 -4.6
0.0 1.8 -4.6
0.2 1.95 -4.6
-0.25 2.05 -4.5
0.15 1.9 -4.6
0.35 2.05 -4.5
-0.2 1.9 -4.6
-0.7 1.8 -4.6
-0.6 1.9 -4.6
0.0 1.8 -4.6
-0.2 1.95 -4.6
-0.1 2.0 -4.5
0.0 1.9 -4.5
0.05 1.8 -4.6
0.65 1.85 -4.6
0.7 1.9 -4.5
0.05 1.8 -4.6
0.05 1.9 -4.6
-0.85 1.9 -4.6
0.05 1.9 -4.5
0.15 2.05 -4.5
-0.05 1.8 -4.6
-0.1 1.9 -4.6
0.15 1.95 -4.6
0.25 2.05 -4.5
-0.15 1.8 -4.6
0.2 1.95 -4.6
-0.1 1.9 -4.6
-0.6 1.8 -4.6
-0.35 1.95 -4.5
0.2 1.9 -4.5
-0.6 1.95 -4.6
0.2 2.1 -4.6
-0.1 2.0 -4.5
0.0 1.9 -4.6
0.65 1.85 -4.6
0.5 2.0 -4.5
0.0 1.8 -4.6
0.0 1.95 -4.6
-0.4 2.05 -4.5
0.2 1.9 -4.6
-0.1 2.05 -4.5
0.0 1.8 -4.6
-0.1 1.9 -4.6
-0.1 2.05 -4.5
-0.2 1.9 -4.6
-0.5 1.95 -4.5
-0.6 1.8 -4.6
-0.4 1.95 -4.6
-0.2 1.95 -4.6
-0.8 1.9 -4.6
-0.15 1.9 -4.5
-0.05 1.95 -4.6
-0.05 1.9 -4.6
-0.7 1.85 -4.6
-0.15 2.05 -4.6
0.0 1.9 -4.6
0.25 1.95 -4.6
0.1 2.05 -4.5
-0.05 1.8 -4.6
-0.1 2.0 -4.5
0.2 1.95 -4.6
0.15 2.05 -4.1
-0.1 1.9 -4.6
0.6 1.85 -4.6
0.2 2.05 -4.5
0.0 1.8 -4.6
0.05 1.9 -4.6
-0.75 1.9 -4.6
0.2 2.05 -4.5
0.1 2.0 -4.6
0.0 2.0 -4.5
0.15 2.05 -4.1
-0.6 1.8 -4.6
-0.2 1.95 -4.5
0.05 2.0 -4.6
0.3 1.9 -4.6
0.25 2.05 -4.5
0.15 1.9 -4.6
0.2 1.8 -4.6
0.2 1.8 -4.6
-0.3 1.8 -4.1
-0.25 1.8 -4.6
-0.5 1.85 -4.6
-0.65 1.9 -4.6
-0.8 1.9 -4.6
-1.0 2.0 -4.5
-0.8 2.0 -4.5
-0.6 2.25 -4.5
-0.75 2.1 -4.5
-0.85 2.2 -4.5
-0.85 2.15 -4.5
-0.75 2.45 -4.5
-0.9 2.3 -4.5
-0.9 2.5 -4.4
-1.0 2.45 -4.4
-0.9 2.6 -4.4
-0.9 2.6 -4.4
-1.0 2.9 -4.3
-0.45 2.9 -4.3
-0.2 2.8 -4.3
-0.35 2.95 -4.3
-0.6 3.0 -4.3
-0.3 2.7 -4.3
-0.6 2.95 -4.3
-0.3 2.7 -4.4
-0.45 2.85 -4.3
-0.15 2.65 -4.4
-0.65 2.85 -4.6
