0.0 2.0 -4.4
0.2 1.9 -4.6
0.05 2.05 -4.0
0.3 1.9 -4.6
0.3 1.85 -4.6
-0.05 2.0 -4.1
0.15 1.8 -4.6
0.1 1.95 -4.6
0.1 1.7 -4.6
0.15 1.8 -4.6
-0.1 1.65 -4.6
-0.25 1.45 -4.7
0.0 1.55 -4.6
-0.35 1.8 -4.6
-0.15 1.55 -4.7
-0.5 1.65 -4.6
-0.25 1.4 -4.7
-0.3 1.55 -4.7
-0.65 1.7 -3.9
-0.3 1.3 -4.7
-0.55 1.55 -4.7
-0.35 1.2 -4.7
-0.7 1.5 -4.7
-0.5 1.05 -4.8
-0.65 1.25 -4.7
-0.7 1.1 -3.9
-0.45 1.0 -4.8
-0.6 1.1 -4.8
-0.5 1.15 -4.7
-0.55 1.2 -4.7
-0.5 1.4 -4.7
-0.55 1.35 -4.7
-0.5 1.55 -4.1
-0.45 1.5 -4.7
-0.45 1.6 -4.6
-0.5 1.5 -4.7
-0.5 1.55 -4.7
-0.6 1.6 -4.4
-0.45 1.55 -4.6
-0.45 1.7 -4.6
-0.65 1.8 -4.6
-0.35 1.7 -4.6
-0.25 1.8 -4.6
-0.2 1.95 -3.9
-0.6 1.65 -4.6
-0.1 1.85 -4.6
-0.15 1.95 -4.4
-0.35 1.8 -4.6
-0.1 1.95 -4.1
0.0 1.85 -4.6
-0.15 1.8 -4.6
0.05 1.95 -4.6
-0.2 2.05 -4.5
-0.25 1.9 -4.6
-0.45 2.0 -4.5
-0.4 1.85 -4.6
-0.85 1.8 -4.6
-0.4 2.0 -4.5
-0.1 1.95 -4.5
-0.1 2.05 -4.5
-0.4 2.05 -3.9
-0.3 1.8 -4.6
-0.7 1.85 -4.6
-0.4 2.05 -4.0
-0.85 1.7 -4.6
-0.7 1.95 -4.1
-0.35 1.85 -4.6
-0.25 1.95 -4.5
-0.35 1.85 -4.6
-0.6 2.0 -4.1
-0.15 1.9 -4.6
-0.3 2.05 -4.5
-0.7 1.75 -4.6
-0.8 1.9 -4.1
-0.25 1.85 -4.6
-0.45 1.9 -4.6
-0.35 1.95 -4.5
0.65 1.95 -4.6
0.65 2.05 -4.5
-0.25 1.9 -4.6
-0.3 1.95 -4.6
-0.15 2.0 -4.6
0.1 2.15 -4.5
0.4 1.8 -4.6
-0.85 1.9 -4.6
-0.95 1.95 -4.6
-0.05 1.95 -4.6
-0.8 1.95 -4.6
0.1 1.85 -4.6
0.15 1.95 -4.6
0.0 2.05 -4.5
-0.3 1.95 -4.6
0.1 1.9 -4.5
-0.2 1.9 -4.6
0.1 2.05 -4.0
-0.8 1.95 -4.6
-0.45 1.85 -4.6
-0.65 1.85 -4.6
-0.35 1.95 -4.6
0.65 1.95 -4.6
0.6 2.05 -4.5
-0.9 2.6 -4.4
-0.9 2.6 -4.4
-1.0 2.9 -4.3
0.35 1.9 -4.6
0.45 2.0 -4.6
-0.1 2.05 -4.5
0.05 2.05 -4.5
-0.25 1.9 -4.5
0.05 2.05 -4.5
-0.25 1.9 -4.6
-0.35 1.95 -4.6
-0.2 1.95 -4.6
-0.25 1.9 -4.6
-0.15 2.0 -4.5
0.0 2.05 -4.5
-0.25 1.85 -4.6
0.55 1.9 -4.6
0.55 2.0 -4.5
0.6 2.05 -4.1
-0.4 1.95 -4.5
-0.35 1.95 -4.5
0.45 1.9 -4.6
-0.65 1.8 -4.6
-0.7 1.85 -4.6
-0.7 1.95 -4.6
-0.35 1.9 -4.6
-0.15 1.9 -4.6
-0.2 1.95 -4.6
-0.3 2.05 -4.1
-0.25 1.85 -4.6
-0.05 1.9 -4.6
-0.7 1.95 -4.6
-0.15 1.8 -4.6
-0.2 1.9 -4.6
-0.7 1.85 -4.6
-0.8 1.9 -4.6
-0.95 1.95 -4.5
-0.25 1.95 -4.5
0.05 2.0 -4.5
-0.35 1.95 -4.6
-0.7 1.75 -4.6
0.55 1.85 -4.6
-0.8 1.9 -4.6
-0.45 1.95 -4.6
-0.25 1.95 -4.5
-0.5 2.0 -4.5
-0.4 1.85 -4.6
-0.1 1.95 -4.6
-0.05 2.05 -4.5
-0.25 1.9 -4.6
-0.25 1.9 -4.6
-0.15 1.9 -4.6
-0.5 1.95 -4.6
-0.7 1.95 -4.6
0.0 1.9 -4.6
-0.5 1.9 -4.6
-0.55 1.95 -4.6
-0.4 2.05 -4.6
-0.2 1.9 -4.5
-0.8 1.95 -4.1
-0.1 1.95 -4.5
-0.3 1.8 -4.6
-0.7 1.75 -4.6
-0.7 1.85 -4.6
-0.85 1.85 -4.6
-0.5 1.9 -4.6
0.0 1.9 -4.6
-0.7 1.95 -4.5
-0.25 1.8 -4.6
-0.25 1.9 -4.5
0.0 2.05 -4.5
-0.25 1.9 -4.6
0.0 2.05 -4.5
-0.1 1.9 -4.6
-0.15 1.8 -4.6
0.35 1.95 -4.6
0.35 2.05 -4.5
-0.2 1.9 -4.6
-0.25 1.95 -4.6
-0.8 1.9 -4.6
-0.35 1.85 -4.6
-0.2 1.9 -4.6
-0.2 1.95 -4.5
-0.25 1.8 -4.6
-0.7 1.75 -4.6
-0.35 1.95 -4.6
-0.7 1.85 -4.6
-0.6 2.0 -4.6
-0.25 1.9 -4.6
-0.85 1.8 -4.6
-0.1 1.9 -4.6
0.0 1.95 -4.6
0.0 2.05 -4.5
-0.25 1.9 -4.6
0.0 1.9 -4.5
-0.1 1.9 -4.5
-0.55 1.8 -4.6
-0.6 1.9 -4.6
-0.6 1.95 -4.6
-0.45 2.1 -4.5
-0.35 1.95 -4.6
-0.7 1.85 -4.6
0.5 2.0 -4.5
-0.1 1.8 -4.6
-0.9 1.8 -4.6
-0.2 1.9 -4.6
-0.65 1.95 -4.5
-0.45 2.9 -4.3
-0.2 2.8 -4.3
-0.35 2.95 -4.3
-0.6 3.0 -4.3
-0.3 2.7 -4.3
-0.6 2.95 -4.3
-0.3 2.7 -4.4
-0.45 2.85 -4.3
-0.15 2.65 -4.4
-0.65 2.85 -4.6
