-0.1 1.95 -4.6
-0.15 1.9 -4.6
0.15 1.95 -4.5
-0.1 2.0 -4.6
0.0 2.15 -4.1
0.5 1.8 -4.6
0.45 1.9 -4.6
-0.7 1.95 -4.5
-0.4 2.05 -4.5
-0.75 1.9 -4.6
-0.15 2.05 -4.5
-0.4 1.95 -4.6
-0.15 2.05 -4.5
-0.95 1.9 -4.1
0.5 1.8 -4.6
-1.0 1.8 -4.6
-0.5 1.9 -4.5
-0.2 1.9 -4.6
-0.15 1.9 -4.6
-0.1 1.95 -4.6
0.1 1.85 -4.6
0.05 1.85 -4.6
0.1 1.95 -4.5
-0.4 1.95 -4.6
-0.2 1.7 -4.6
-0.4 1.85 -4.6
-0.1 1.75 -4.6
-0.4 1.85 -4.6
-0.3 1.6 -4.6
-0.4 1.7 -4.6
-0.55 1.65 -4.6
-0.4 1.5 -4.6
-0.5 1.4 -4.7
-0.45 1.3 -4.7
-0.5 1.25 -4.7
-0.45 1.05 -4.8
-0.65 1.15 -4.7
-0.8 1.35 -3.9
-0.55 1.1 -4.7
-0.5 1.05 -4.8
-0.8 1.15 -4.1
-0.3 1.0 -4.8
-0.45 2.9 -4.3
-0.2 2.8 -4.3
-0.35 2.95 -4.3
-0.6 3.0 -4.3
-0.3 2.7 -4.3
-0.6 2.95 -4.3
-0.3 2.7 -4.4
-0.45 2.85 -4.3
-0.15 2.65 -4.4
-0.65 2.85 -4.6
0.0 2.25 -4.5
0.25 1.2 -4.7
0.15 1.2 -4.7
0.1 1.3 -4.7
0.2 1.35 -4.7
0.2 1.35 -4.7
0.5 1.55 -4.0
0.4 1.65 -4.6
0.1 1.65 -4.6
0.25 1.8 -4.0
-0.15 1.6 -4.6
-0.1 1.75 -4.6
-0.2 1.8 -4.6
-0.3 2.15 -4.5
-0.5 2.05 -4.5
-0.2 2.4 -4.4
-0.4 2.2 -4.5
-0.45 2.3 -4.5
-0.5 2.25 -4.5
-0.75 2.2 -4.5
-0.8 2.3 -4.5
-0.5 2.45 -4.4
-0.65 2.55 -4.4
-0.45 2.55 -4.4
-0.85 2.5 -4.4
-0.7 2.45 -4.4
-0.55 2.75 -4.4
-0.8 2.6 -4.4
-0.8 2.7 -4.4
-0.85 2.8 -4.3
-0.95 2.85 -4.3
-0.7 3.0 -4.1
-0.95 2.85 -4.3
-0.6 2.95 -4.3
-0.65 3.0 -4.3
-0.9 3.0 -4.3
-0.95 3.0 -4.3
-0.1 3.0 -4.3
-0.2 2.8 -4.3
-0.3 2.9 -4.3
-0.2 2.65 -4.4
-0.35 2.8 -4.3
0.4 2.55 -4.4
0.2 2.65 -4.4
0.2 2.75 -4.4
-0.25 2.45 -4.4
0.1 2.5 -4.4
-0.4 2.55 -4.4
-0.35 2.6 -4.4
-0.3 2.65 -4.4
-0.3 2.25 -4.5
-0.2 2.4 -4.4
-0.3 2.45 -4.4
-0.35 2.55 -4.4
0.25 2.65 -4.1
-0.1 2.25 -4.5
-0.35 2.4 -4.4
0.0 2.15 -4.5
-0.25 2.3 -4.4
0.05 2.05 -4.5
0.2 2.3 -4.5
0.0 1.9 -4.6
0.25 2.0 -4.5
0.25 2.1 -4.5
-0.25 2.1 -4.5
0.25 1.8 -4.6
0.55 1.75 -4.6
0.05 1.9 -4.6
0.2 1.95 -4.6
0.0 2.0 -4.5
-0.05 2.05 -4.1
0.05 1.65 -4.6
0.0 1.85 -4.6
0.05 2.05 -4.5
0.1 1.6 -4.6
0.25 1.8 -4.6
0.15 1.85 -4.6
-0.05 1.7 -4.0
0.1 1.55 -4.7
0.1 1.3 -4.7
-0.1 1.55 -4.7
-0.15 1.2 -4.7
-0.1 1.4 -4.7
-0.15 1.45 -4.7
-0.05 1.15 -4.8
0.0 1.2 -4.7
0.35 1.15 -4.7
0.3 1.25 -4.7
0.1 1.05 -4.8
0.45 1.25 -4.1
0.4 1.05 -4.8
0.45 1.2 -4.6
0.4 1.25 -4.7
0.2 1.2 -4.7
0.2 1.3 -4.7
0.15 1.4 -4.7
0.5 1.4 -4.7
0.15 1.45 -4.6
0.25 1.55 -4.7
0.45 1.65 -4.6
0.1 1.65 -4.6
0.5 1.85 -4.6
0.15 1.7 -4.6
0.35 1.85 -4.6
0.3 1.85 -4.6
0.05 1.9 -4.6
0.15 1.9 -4.6
0.1 2.05 -4.5
0.2 2.2 -4.5
0.0 1.95 -4.5
-0.05 2.15 -4.5
0.0 2.15 -4.5
0.05 2.3 -4.5
-0.3 2.2 -4.5
-0.2 2.35 -4.5
-0.5 2.35 -4.4
-0.4 2.5 -4.4
-0.25 2.55 -4.4
-0.15 2.65 -4.4
0.0 2.8 -4.3
-0.3 2.65 -4.4
-0.5 2.75 -4.3
-0.4 2.8 -4.4
-0.5 2.85 -4.3
-0.8 2.95 -4.3
-0.5 2.95 -4.3
-0.7 2.9 -4.3
-0.9 2.95 -4.3
-0.65 2.4 -4.4
-0.75 2.55 -4.4
-0.5 2.35 -4.5
-0.8 2.45 -4.4
-0.75 2.25 -4.5
-0.75 2.1 -4.5
-0.7 2.2 -4.5
-0.7 2.05 -4.5
-0.75 2.1 -4.5
-0.5 2.2 -4.5
-0.45 1.95 -4.5
-0.55 2.1 -4.5
-0.95 1.85 -4.6
-0.6 1.75 -4.6
-0.6 1.9 -4.6
